2312 0.7848333333333334
21112 0.7853
234 1.0839333333333334
101112 1.0870333333333333
31112 1.0977
2311 1.1125666666666667
2412 1.2388
21012 1.2520666666666667
21011 1.3626666666666667
3412 1.3671333333333333
235 1.3998
91112 1.4233666666666667
2411 1.7096333333333333
2912 1.7315333333333334
41112 1.7344333333333333
31012 1.7370333333333334
2310 1.7426666666666666
2512 1.7479666666666667
3512 1.7524
2911 1.7537
3411 1.8841333333333334
31011 1.8905333333333334
245 1.9076
91012 1.911
345 2.0145666666666666
91011 2.0329333333333333
81112 2.123866666666667
236 2.1579333333333333
3511 2.4416
239 2.4426666666666668
2910 2.448
3911 2.454266666666667
4512 2.4584
3912 2.4712666666666667
51112 2.4742
2511 2.4866333333333333
2812 2.799533333333333
3612 2.8097666666666665
2612 2.8166
346 2.8305666666666665
2811 2.8318
2410 2.8337666666666665
41012 2.8346666666666667
81011 2.8641
71112 3.0327
237 3.0566
41011 3.0678666666666667
3410 3.0690666666666666
238 3.0744666666666665
61112 3.0819
249 3.085166666666667
4912 3.0919333333333334
2611 3.107666666666667
246 3.122533333333333
3812 3.1247333333333334
2510 3.1251333333333333
3811 3.1381
3510 3.1405
51012 3.1445
81012 3.148633333333333
4911 3.1590666666666665
3611 3.167866666666667
259 3.1691
5912 3.176633333333333
256 3.3347
356 3.345266666666667
8912 3.369
8911 3.3737666666666666
5911 3.4383666666666666
4511 3.459633333333333
359 3.4736
349 3.4828333333333332
3910 3.4901333333333335
3711 3.497133333333333
3712 3.5289333333333333
51011 3.5302333333333333
2711 3.5548333333333333
2712 3.6015
7911 3.6758333333333333
357 3.737433333333333
347 3.7596666666666665
71011 3.7923666666666667
8910 3.8607
348 3.8987666666666665
456 3.9343666666666666
459 3.9475666666666664
61011 3.9605
5910 3.988166666666667
358 4.1424666666666665
247 4.1513
71012 4.1803333333333335
6911 4.1864333333333335
7912 4.225733333333333
2610 4.2728
257 4.2803
4812 4.334833333333333
248 4.3718
61012 4.400833333333333
4612 4.4325
2810 4.475833333333333
289 4.5887
3610 4.616733333333333
5612 4.6315
4811 4.675333333333334
4510 4.684966666666667
4910 4.7001
369 4.759266666666667
5811 4.780366666666667
258 4.8402
6912 4.840433333333333
4611 4.947166666666667
4712 5.0004
5611 5.030466666666666
269 5.031833333333333
5812 5.0399
2710 5.068533333333333
279 5.069933333333333
3810 5.0832
3710 5.092266666666666
4711 5.1081
5712 5.1155333333333335
389 5.117533333333333
5711 5.381166666666667
458 5.4045
379 5.4423
6910 5.4734
7910 5.529766666666666
457 5.554033333333333
368 5.7805333333333335
579 5.7896
6811 5.8068
489 6.259733333333333
5610 6.2646
7811 6.309733333333333
469 6.3419
5810 6.346266666666667
267 6.347966666666666
367 6.349033333333334
7812 6.356166666666667
569 6.442033333333334
589 6.530733333333333
4710 7.1167
6812 7.4977
4610 7.507066666666667
268 7.580333333333333
4810 7.5843
789 7.770033333333333
467 7.784766666666667
7810 7.795333333333334
567 7.8059666666666665
6712 8.154566666666666
278 8.1826
6711 8.278333333333334
378 8.291933333333333
5710 8.325933333333333
479 8.345066666666666
568 8.5705
689 8.590533333333333
478 9.2329
6710 9.312
6810 10.242866666666666
468 10.2967
679 10.639666666666667
578 10.749533333333334
678 11.448
