21112      4.37
2312      4.38
101112      5.21
234      5.22
2311      5.23
31112      5.26
21012      5.51
2412      5.52
21011      5.77
3412      5.79
91112      5.83
235      5.84
2310      6.32
31012      6.34
2411      6.34
2512      6.34
41112      6.34
2912      6.35
2911      6.36
3512      6.37
31011      6.56
91012      6.57
3411      6.57
245      6.57
345      6.69
91011      6.69
81112      6.82
236      6.83
4512      7.08
3511      7.09
2511      7.10
3911      7.10
51112      7.11
2910      7.11
3912      7.13
239      7.13
2811      7.34
3612      7.36
41012      7.37
2612      7.38
2812      7.38
2410      7.38
81011      7.41
346      7.43
237      7.52
71112      7.53
3410      7.55
4912      7.55
41011      7.55
51012      7.55
3812      7.56
2611      7.56
61112      7.56
238      7.57
2510      7.57
81012      7.57
249      7.57
4911      7.58
3811      7.58
5912      7.59
3510      7.59
3611      7.59
246      7.59
259      7.60
8912      7.68
8911      7.69
256      7.70
356      7.72
5911      7.74
3711      7.76
359      7.76
4511      7.77
51011      7.77
2711      7.77
3910      7.79
3712      7.79
349      7.80
2712      7.81
7911      7.87
357      7.88
71011      7.90
347      7.92
8910      7.95
61011      7.97
456      7.97
5910      7.98
459      7.98
348      7.98
71012      8.07
247      8.08
358      8.08
6911      8.09
257      8.10
7912      8.10
4812      8.10
2610      8.11
2810      8.14
4612      8.15
61012      8.16
248      8.17
4510      8.21
4811      8.22
5612      8.22
4910      8.22
289      8.22
3610      8.23
5811      8.25
369      8.28
258      8.29
6912      8.30
5812      8.32
3810      8.32
2710      8.33
4712      8.34
4611      8.35
4711      8.35
5611      8.35
269      8.35
3710      8.36
389      8.36
5712      8.36
279      8.36
5711      8.41
379      8.43
458      8.46
6910      8.47
7910      8.48
457      8.49
579      8.53
6811      8.55
368      8.56
489      8.62
5810      8.62
5610      8.63
7812      8.64
7811      8.65
589      8.65
267      8.65
367      8.66
469      8.66
569      8.67
4710      8.77
4810      8.82
4610      8.84
6812      8.84
268      8.85
7810      8.86
789      8.87
567      8.87
467      8.88
6712      8.91
278      8.91
6711      8.92
5710      8.92
479      8.93
378      8.94
689      8.97
568      8.97
6710      9.03
478      9.04
6810      9.13
468      9.13
578      9.14
679      9.15
678      9.21