2312 0.7802
21112 0.7813
234 1.08335
101112 1.09251
31112 1.10736
2311 1.11105
21012 1.2313
2412 1.23935
3412 1.368
21011 1.37328
91112 1.39548
235 1.39975
2310 1.72625
2411 1.73114
31012 1.73327
41112 1.73373
2512 1.73665
2912 1.73732
2911 1.74906
3512 1.75277
245 1.91579
91012 1.91662
31011 1.91818
3411 1.91836
91011 2.01081
345 2.02253
81112 2.17151
236 2.17781
3911 2.43292
4512 2.43859
2910 2.43957
3511 2.45563
51112 2.45567
239 2.4667
3912 2.46905
2511 2.47604
3612 2.78547
2811 2.8005
41012 2.81895
2612 2.8235
2410 2.82516
2812 2.82771
346 2.87264
81011 2.88186
71112 3.02155
237 3.03407
249 3.08337
61112 3.08832
238 3.09384
41011 3.09533
3410 3.0967
2611 3.09785
3812 3.10107
51012 3.10256
4912 3.11691
3611 3.12938
2510 3.12975
3510 3.14076
3811 3.14713
246 3.14849
4911 3.15159
81012 3.16034
5912 3.17219
259 3.17809
8912 3.35097
8911 3.35706
256 3.35892
356 3.38151
3711 3.47149
5911 3.47237
359 3.47441
4511 3.4972
3910 3.50602
349 3.50817
3712 3.51029
2711 3.51165
51011 3.52741
2712 3.56821
7911 3.71387
357 3.71407
71011 3.78394
347 3.79196
348 3.89095
456 3.90795
8910 3.91075
61011 3.93075
459 3.96283
5910 3.97669
247 4.18235
71012 4.19765
358 4.21324
6911 4.21848
7912 4.22655
257 4.23312
2610 4.2835
4812 4.29048
2810 4.41465
61012 4.42036
4612 4.42162
248 4.4396
4510 4.63197
3610 4.63766
5612 4.64006
4811 4.64716
289 4.65206
4910 4.66524
5811 4.75193
369 4.75433
6912 4.84322
258 4.88591
5812 4.97186
3810 4.99197
269 4.99281
4611 4.99482
4712 5.02596
2710 5.03846
3710 5.05413
4711 5.07335
5611 5.07709
389 5.08378
279 5.09455
5712 5.10561
5711 5.34892
379 5.35368
458 5.49412
6910 5.50013
457 5.59147
7910 5.6117
6811 5.78151
579 5.80695
368 5.83039
5610 6.31755
7812 6.33278
489 6.33476
267 6.36119
7811 6.36695
5810 6.37549
367 6.381
469 6.3862
589 6.45122
569 6.5382
4710 7.09355
6812 7.56916
4810 7.58508
4610 7.60093
268 7.60392
7810 7.72905
467 7.74334
567 7.76511
789 7.82053
6712 8.14442
278 8.15336
378 8.27602
6711 8.32845
5710 8.35915
479 8.38348
689 8.51348
568 8.55763
478 9.23662
6710 9.28454
6810 10.25399
468 10.29098
578 10.607
679 10.71457
678 11.45168